# YOLOv5 Hyperparameter Evolution Results
# Best generation: 12
# Last generation: 45
#    metrics/precision,       metrics/recall,      metrics/mAP_0.5, metrics/mAP_0.5:0.95,         val/box_loss,         val/obj_loss,         val/cls_loss
#              0.88721,               0.9293,              0.91726,              0.82803,             0.009341,             0.010659,            0.0028135

lr0: 0.00779
lrf: 0.01213
momentum: 0.98
weight_decay: 0.00032
warmup_epochs: 2.3729
warmup_momentum: 0.80463
warmup_bias_lr: 0.11834
box: 0.05022
cls: 0.40745
cls_pw: 1.0942
obj: 0.96433
obj_pw: 0.91571
iou_t: 0.2
anchor_t: 4.0913
fl_gamma: 0.0
hsv_h: 0.01675
hsv_s: 0.48835
hsv_v: 0.5105
degrees: 0.0
translate: 0.08425
scale: 0.48911
shear: 0.0
perspective: 0.0
flipud: 0.0
fliplr: 0.5
mosaic: 0.66713
mixup: 0.0
copy_paste: 0.0
anchors: 2.5054
