# YOLOv5 Hyperparameter Evolution Results
# Best generation: 14
# Last generation: 16
#    metrics/precision,       metrics/recall,      metrics/mAP_0.5, metrics/mAP_0.5:0.95,         val/box_loss,         val/obj_loss,         val/cls_loss
#              0.89577,              0.93551,              0.92443,              0.84438,            0.0092218,            0.0091349,            0.0028845

lr0: 0.00837
lrf: 0.01128
momentum: 0.95621
weight_decay: 0.0005
warmup_epochs: 2.9915
warmup_momentum: 0.77675
warmup_bias_lr: 0.116
box: 0.05312
cls: 0.5006
cls_pw: 1.0728
obj: 0.89399
obj_pw: 0.95494
iou_t: 0.2
anchor_t: 4.3264
fl_gamma: 0.0
hsv_h: 0.00984
hsv_s: 0.69679
hsv_v: 0.42861
degrees: 0.0
translate: 0.0807
scale: 0.4579
shear: 0.0
perspective: 0.0
flipud: 0.0
fliplr: 0.5
mosaic: 0.98639
mixup: 0.0
copy_paste: 0.0
anchors: 2.908
