# YOLOv5 Hyperparameter Evolution Results
# Best generation: 25
# Last generation: 29
#    metrics/precision,       metrics/recall,      metrics/mAP_0.5, metrics/mAP_0.5:0.95,         val/box_loss,         val/obj_loss,         val/cls_loss
#              0.82786,              0.86506,              0.89351,               0.7411,             0.013425,             0.014396,            0.0080243

lr0: 0.00947
lrf: 0.01
momentum: 0.91282
weight_decay: 0.0005
warmup_epochs: 3.1082
warmup_momentum: 0.95
warmup_bias_lr: 0.09884
box: 0.0543
cls: 0.5287
cls_pw: 0.82322
obj: 1.0175
obj_pw: 0.84321
iou_t: 0.2
anchor_t: 3.7736
fl_gamma: 0.0
hsv_h: 0.01477
hsv_s: 0.6719
hsv_v: 0.38439
degrees: 0.0
translate: 0.09891
scale: 0.51255
shear: 0.0
perspective: 0.0
flipud: 0.0
fliplr: 0.5
mosaic: 0.80059
mixup: 0.0
copy_paste: 0.0
anchors: 2.6236
